0.0
14773.504
30518.016
5883.648
5968.128
22575.104
49790.72
58140.672
11126.272
11127.552
27743.488
27880.448
12934.656
13121.024
13123.328
13952.0
10.752
10938.624
11261.184
17495.552
29827.84
36624.128
47247.872
116.48
7193.344
23273.472
23.04
7452.16
13.824
164.608
8700.672
34160.128
28519.936
6470.912
21012.224
8040.704
10407.936
10830.848
36869.632
53346.816
117.504
5627.136
34803.2
35004.928
72850.944
34.816
14347.008
20544.512
28912.384
29051.648
66.816
219.136
5922.048
12906.496
13086.976
29213.952
21.76
11068.672
17396.992
17451.52
6724.096
14145.28
14270.208
32859.648
32893.184
32953.088
52738.816
14802.688
27596.8
43378.688
43735.808
8386.56
17523.456
27638.528
31910.4
44826.112
44828.16
25990.4
18711.552
34043.648
184.064
13086.464
13295.872
22035.456
27778.56
5.12
20367.616
29099.776
9059.584
9060.096
9281.536
8796.928
28679.424
45613.568
2380.288
2382.592
2473.728
10983.168
6230.528
10673.152
20898.816
21046.016
8688.896
2987.008
10062.08
24359.424
24735.232
15192.064
15470.08
15470.592
20223.744
31184.896
44245.76
287.744
20815.104
27504.128
38498.816
23076.864
35312.384
74195.456
74267.904
81847.552
91492.096
105238.272
118101.76
128630.784
142802.432
142989.824
143003.648
161528.576
10158.08
8423.424
12692.48
7663.872
7985.408
394.496
10039.552
23754.752
33236.992
21872.896
22061.824
30201.856
49714.944
49786.88
61412.096
61536.512
76873.216
85072.384
85237.504
89579.264
180.992
184.832
9940.224
24.064
2830.336
17359.616
27848.96
28153.6
45628.416
17734.4
36732.928
143.616
16616.704
37010.432
49586.432
49837.824
90424.32
90556.928
90559.744
106445.568
16436.736
20471.296
36040.448
44552.192
53074.688
63605.76
78646.272
109430.016
121572.096
121722.112
24512.512
182.784
8471.552
8499.712
117.504
26954.496
7602.176
19062.784
1.024
246.784
310.784
22170.112
30688.512
31067.904
38064.128
38130.432
26668.8
26802.944
26803.2
14010.88
14156.288
16991.488
270.08
12440.832
173.312
33947.392
8875.264
7053.824
16074.24
7993.088
8053.76
41856.256
50098.176
50277.12
17136.896
17141.504
17477.888
31163.648
40247.296
24353.024
9992.192
19250.944
19578.624
6683.648
22156.544
38161.408
38188.288
82931.2
8464.384
18611.2
18807.552
26844.416
26903.04
173.824
3987.968
42601.728
11920.384
21503.232
21835.008
32964.096
33085.184
40175.104
20388.864
29712.384
29834.752
48856.064
79172.608
85286.4
3532.032
24040.448
34347.264
2977.792
13782.784
45996.032
55156.48
138.496
6392.576
11119.36
11261.952
14604.544
27602.432
27760.384
34898.432
34898.944
98.816
17738.24
42766.848
56965.12
71024.384
83875.584
96188.416
254.72
323.328
234.752
14949.888
19711.744
47508.48
14449.92
23486.208
7080.96
22470.656
22538.24
12396.544
10135.296
90.88
361.472
6575.36
5607.68
12390.4
30635.52
21541.632
35590.4
12754.944
24993.28
43116.8
52995.84
60588.288
78130.432
8860.928
17238.016
17284.096
6761.728
18654.976
31201.536
16468.736
13292.288
13343.488
22604.032
24136.192
36950.016
10775.296
10936.064
6226.688
22055.936
7938.304
13849.344
25922.56
48846.592
2.304
7857.152
8123.136
8242.176
26750.72
15189.248
159.744
293.376
20336.128
37772.032
48167.168
185.6
4897.024
21425.664
31008.768
31224.832
260.096
283.904
394.752
18658.048
34843.648
34941.952
42366.72
42444.8
13999.36
20818.176
31315.968
31489.28
49822.976
19259.648
19260.928
56493.568
122.368
14315.52
11251.712
17544.704
26434.816
38925.056
8.448
9261.568
26673.664
35671.296
44986.368
12097.792
12.032
14982.656
6623.744
69.376
25622.784
30158.592
12867.584
9510.144
25393.664
258.56
7078.4
8672.0
14294.528
31251.456
9926.656
13822.976
16847.616
21779.456
1.024
6308.352
6618.624
18341.888
18343.68
34328.064
48932.608
62978.048
63253.248
74775.04
83332.608
83333.632
33181.952
9806.848
32517.632
32752.64
43829.76
60934.4
13720.064
23777.024
35538.176
104.704
16148.736
17241.856
24155.648
6370.816
302.592
11032.576
11074.56
35661.824
2882.048
21612.544
21625.6
41867.776
63273.728
63275.776
63596.288
71815.68
107373.824
107436.288
65.792
127.744
14798.592
329.728
16975.36
101432.832
114018.304
114020.096
118351.104
3217.152
15442.432
34435.072
34483.2
200.448
329.216
14127.104
26190.848
49520.128
109.312
380.672
4914.176
9495.04
28496.384
40557.312
40616.704
64620.8
64717.824
76725.504
1.024
7310.08
7545.088
21479.936
13104.128
35.072
158.208
8908.544
13233.152
24763.648
24987.136
3374.336
4763.392
15423.232
26328.32
36043.776
36305.664
46864.896
53680.128
85498.112
92586.24
9755.904
114.432
5235.2
5277.696
13067.52
30540.544
41133.824
59542.784
81525.76
11960.832
21112.32
12499.712
21377.536
21751.04
33035.008
49651.456
70146.048
70227.968
70228.48
15194.624
24227.072
34707.456
42569.472
52810.24
16513.536
5828.608
6073.088
27321.088
308.992
264.704
4708.352
21509.888
8155.136
50.176
7938.816
8054.784
27696.128
39272.448
39296.768
39552.256
39621.12
46003.712
74336.256
74682.624
84848.128
92811.008
110086.4
123153.152
11037.44
8909.568
14403.84
14447.872
5680.128
7035.136
7066.88
10096.128
20613.12
3.84
10622.976
10768.64
10769.152
20929.28
29391.36
6860.544
15858.688
15980.544
13847.552
14157.312
30702.08
30758.144
9032.96
6973.696
13929.472
24407.552
34195.712
10601.472
10601.984
10910.208
6120.96
243.968
8921.088
26517.76
12113.664
18711.04
70.4
299.52
325.12
391.68
6729.984
1.024
399.616
148.224
22422.784
11820.032
43772.16
8939.264
66881.536
3096.576
8291.072
2.048
5728.768
5731.584
15688.448
15922.944
14986.24
15101.952
18367.744
13915.904
31232.768
7665.664
17490.432
37514.496
17021.184
17231.616
27585.28
16637.696
13043.712
62738.176
62739.712
63032.32
13260.8
30399.232
13258.24
20230.144
10820.864
18964.736
19355.136
29090.048
40478.208
50610.176
58509.824
25228.544
25445.632
49782.016
50056.704
239.36
5165.056
18236.672
35418.368
21151.744
9247.744
1.28
8746.24
26494.72
236.032
11057.152
11440.896
46638.592
54894.848
14842.624
14845.44
36073.984
5892.096
14584.832
44.032
311.552
14865.664
54309.12
64.256
9734.144
6744.064
11584.0
31958.528
37440.512
53272.576
61549.568
61788.416
99283.456
4716.8
22701.056
29277.184
48346.88
48348.672
55827.968
55960.32
68776.448
88409.344
56683.52
29843.712
55.808
237.568
9879.808
9818.112
9938.176
10329.344
50963.712
50964.224
51107.584
148.992
7769.856
8221.952
8260.352
17506.816
50076.928
50324.224
4.864
4800.512
182.272
191.232
377.088
9072.384
9101.312
15210.496
7815.68
16545.792
41307.392
59857.92
67514.624
89110.272
22.272
8053.248
26456.32
26633.216
34337.28
40483.328
40702.976
54090.752
54148.096
22322.176
39507.968
48829.952
68877.568
88239.36
88334.336
95364.864
8378.624
25216.256
5631.488
13899.776
25582.848
41508.608
51039.232
51190.016
59896.32
69368.576
12149.248
24662.272
5908.48
5986.56
11666.944
11682.304
23182.336
34015.488
12.288
4908.544
9415.936
9556.736
9738.496
22994.688
41353.216
5645.568
9100.032
21608.96
14802.176
18987.776
28123.904
28128.512
9.216
19504.64
28927.488
29204.992
33972.736
33975.04
18961.92
29042.944
29116.16
34608.128
3.84
11878.912
35882.496
8022.272
8385.536
38541.568
43371.52
9628.16
22296.32
56323.584
87727.36
109.312
11237.888
17844.224
21055.232
21145.6
310.528
155.392
18276.864
25371.392
17668.352
12325.376
12591.616
17154.048
17249.792
22057.472
16400.896
22291.712
63394.048
17906.688
2.048
12686.336
102.4
10272.512
32226.304
10654.464
7835.904
25009.152
256.256
28655.104
103193.344
139960.832
154871.552
183900.416
207276.032
215962.112
216081.408
4769.536
18544.896
46119.424
54929.92
65396.736
16821.504
28579.584
35801.6
58992.896
335.36
11964.16
12196.608
13583.104
28813.056
55.296
13634.56
28061.44
9392.128
8761.088
8765.44
4809.472
15624.448
279.296
12671.488
26359.808
47368.192
73958.912
82380.032
96664.32
9128.448
9427.968
22581.76
22660.608
195.584
10876.672
5063.424
8454.144
20795.904
58320.896
8104.192
18886.144
36262.656
47734.528
47844.608
3034.368
8780.8
33344.512
33350.656
44260.352
8169.472
40957.44
21288.192
8825.088
17234.432
6738.432
7392.0
23979.264
9799.168
17909.504
42995.712
61721.088
62030.336
88237.312
0.768
5065.216
15341.824
19582.976
205.312
4359.936
4733.696
14356.736
25809.408
33646.848
43225.856
59051.776
71311.616
10610.944
18324.48
18640.384
29185.024
1.024
240.128
6954.496
13595.392
11424.0
164.864
14459.392
24805.632
16.384
7920.128
316.928
362.24
4967.68
186.88
35997.952
6773.248
18090.496
18392.832
29851.648
2.56
39201.024
12667.904
4676.096
6724.352
19612.16
235.264
8487.424
16700.16
7790.592
2.56
3665.664
15870.464
122.624
11177.216
11281.664
25960.192
26007.04
26136.064
37022.208
8967.424
0.256
3903.232
10135.808
70.144
3602.944
290.048
2.048
0.512
45010.176
45015.04
63057.92
45.312
212.736
24123.392
24124.416
49739.776
188.928
10481.152
49733.12
12344.576
13183.232
23842.56
8407.552
21110.528
38277.888
59692.8
307.456
7883.008
21413.632
9385.472
15371.776
15526.912
36728.576
46121.728
46278.4
9736.704
1.792
3186.944
11834.624
11836.672
43545.344
41441.536
41701.12
53885.44
62552.832
1.536
389.376
11637.76
26586.112
39329.28
171.52
13218.048
28493.056
11272.96
18167.296
29419.52
12.288
88.064
89.088
10192.64
20265.216
33140.736
15512.832
28137.472
45068.544
45208.832
52923.648
27565.312
38959.872
39227.904
19672.064
36417.024
41574.4
12515.84
8826.112
24797.952
34806.272
35039.488
51261.44
68374.016
16648.96
1967.872
15235.84
15373.312
33435.136
63317.504
82388.48
92856.32
92991.232
4847.36
12504.32
30851.072
89168.128
8955.648
21700.096
14305.536
27304.704
41.472
8441.856
46416.128
14824.192
24417.28
7308.288
33863.424
50921.728
66838.528
85376.0
49.664
82.432
82.944
8109.312
16319.232
18317.056
35522.048
135.168
6850.816
13942.272
25479.936
4.608
5.12
5.632
6.144
6.912
6514.944
23813.888
24099.072
18690.304
260.096
209.408
27714.56
40557.568
9264.128
9741.312
22388.224
22546.432
29850.112
39214.848
8946.176
5845.76
5939.712
102.656
5810.944
9429.504
9431.296
36625.152
64723.712
73866.752
90742.016
13546.752
22715.904
11718.912
23793.408
23804.928
34292.736
13209.088
23616.256
37281.792
9474.048
326.4
6929.408
20294.4
35534.592
49015.04
11164.672
25787.648
24071.68
24306.688
10230.016
29055.488
4412.416
14835.968
15004.672
24447.232
1.024
132.352
235.52
11541.248
17401.344
14261.504
14292.736
10070.016
21125.888
21523.968
21524.736
327.424
11893.248
19791.872
28452.352
4833.28
4834.048
7938.816
28077.312
53311.488
7001.088
16479.232
40113.408
2967.296
7351.04
7579.648
142.336
5694.976
13101.056
13461.504
7596.544
28922.624
18623.744
23966.208
245.76
12102.656
12103.424
22544.896
36139.52
44137.728
51943.424
51945.472
62867.968
62973.44
63217.92
86976.256
116315.136
135492.096
12538.112
2292.736
8037.888
11679.232
16999.68
67.584
6149.888
22578.432
22579.2
31358.464
31359.744
13384.192
13699.84
39809.536
10058.496
10281.216
326.144
8939.52
8252.672
30842.368
31187.2
248.064
6502.912
11328.768
20.736
325.888
159.488
8210.944
15692.8
71.68
12327.168
24223.488
34390.528
77.312
17168.128
17311.744
31272.192
183.808
349.44
17826.56
18207.744
12918.016
23963.392
46524.928
46526.208
118.528
6454.272
7882.496
16564.48
29376.0
37025.536
12923.136
13009.92
363.52
4936.704
16116.48
7392.768
1.024
191.488
6933.248
27395.584
27620.096
39639.808
26926.336
10977.024
11237.888
32316.928
32320.0
14374.912
8352.256
21351.424
36131.84
36370.432
11308.544
179.712
7855.104
8033.792
19998.72
28705.536
6632.704
18772.992
25355.008
11020.288
16610.048
33382.144
41018.368
50432.0
61579.776
72846.336
88241.664
94208.256
7135.488
316.672
27698.688
27699.712
376.832
16652.032
19639.04
19918.08
16422.144
28905.728
28907.776
33396.48
237.312
5499.392
5624.832
5636.864
20103.424
5.12
49678.336
9446.656
9694.208
39203.84
336.128
6126.848
6449.152
20562.944
20649.472
20651.264
16015.616
7267.584
20655.872
353.024
11501.312
6965.76
19580.928
25044.992
2501.632
23813.888
59388.16
67638.784
67640.576
67706.112
10266.112
6750.72
13022.72
27807.232
45548.8
3.84
15410.944
29184.768
40823.552
13580.288
165.376
4629.76
11944.704
32514.304
7076.352
7076.864
24736.512
37465.6
37794.56
7455.232
26991.616
64364.288
11357.184
46134.784
21452.288
2744.832
3055.616
14267.136
33616.896
0.768
8088.576
45085.952
8886.016
9785.6
11300.352
11506.176
30845.184
30973.952
9260.544
26306.56
11196.672
11343.872
12174.336
11507.968
15186.944
28911.36
43000.832
43161.6
43193.344
49348.096
8027.648
8169.728
12347.136
5.632
4998.4
13228.032
34708.224
34710.528
12347.648
29249.792
29254.656
35384.32
156.16
280.064
9181.952
14051.072
26338.816
26589.184
348.672
9180.416
15250.176
15646.208
7257.6
7520.0
157.952
5874.944
26761.728
81.92
8502.528
8809.728
17508.608
17873.152
38856.448
40.192
349.44
12115.2
14526.976
14625.536
23618.816
40173.312
57693.952
72843.776
72.704
30477.824
17369.6
17643.776
2.048
15676.16
33364.992
40285.952
48462.336
24357.888
103.424
18044.416
33574.656
33577.728
9477.12
23761.664
24037.632
10379.264
13276.16
32870.144
18829.824
348.672
27971.328
