0,250,0
15,250,0
25,250,0
35,250,0
45,250,0
55,250,0
65,250,0
70,250,0
75,250,0
0,252,0
15,252,0
25,252,0
35,252,0
45,252,0
55,252,0
65,252,0
70,252,0
75,252,0
0,254,0
15,254,0
25,254,0
35,254,0
45,254,0
55,254,0
65,254,0
70,254,0
75,254,0
0,256,0
15,256,0
25,256,0
35,256,0
45,256,0
55,256,0
65,256,0
70,256,0
75,256,0
0,258,0
15,258,0
25,258,0
35,258,0
45,258,0
55,258,0
65,258,0
70,258,0
75,258,0
0,260,0
15,260,0
25,260,0
35,260,0
45,260,0
55,260,0
65,260,0
70,260,0
75,260,0
0,262,0
15,262,0
25,262,0
35,262,0
45,262,0
55,262,0
65,262,0
70,262,0
75,262,0
0,264,0
15,264,0
25,264,0
35,264,0
45,264,0
55,264,0
65,264,0
70,264,0
75,264,0
0,266,0
15,266,0
25,266,0
35,266,0
45,266,0
55,266,0
65,266,0
70,266,0
75,266,0
0,268,0
15,268,0
25,268,0
35,268,0
45,268,0
55,268,0
65,268,0
70,268,0
75,268,0
0,270,0
15,270,0
25,270,0
35,270,0
45,270,0
55,270,0
65,270,0
70,270,0
75,270,0
0,272,0
15,272,0
25,272,0
35,272,0
45,272,0
55,272,0
65,272,0
70,272,0
75,272,0
0,274,0
15,274,0
25,274,0
35,274,0
45,274,0
55,274,0
65,274,0
70,274,0
75,274,0
0,276,0
15,276,0
25,276,0
35,276,0
45,276,0
55,276,0
65,276,0
70,276,0
75,276,0
0,278,0
15,278,0
25,278,0
35,278,0
45,278,0
55,278,0
65,278,0
70,278,0
75,278,0
0,280,0
15,280,0
25,280,0
35,280,0
45,280,0
55,280,0
65,280,0
70,280,0
75,280,0
0,282,0
15,282,0
25,282,0
35,282,0
45,282,0
55,282,0
65,282,0
70,282,0
75,282,0
0,284,0
15,284,0
25,284,0
35,284,0
45,284,0
55,284,0
65,284,0
70,284,0
75,284,0
0,286,0
15,286,0
25,286,0
35,286,0
45,286,0
55,286,0
65,286,0
70,286,0
75,286,0
0,288,0
15,288,0
25,288,0
35,288,0
45,288,0
55,288,0
65,288,0
70,288,0
75,288,0
0,290,0
15,290,0
25,290,0
35,290,0
45,290,0
55,290,0
65,290,0
70,290,0
75,290,0
0,292,0
15,292,0
25,292,0
35,292,0
45,292,0
55,292,0
65,292,0
70,292,0
75,292,0
0,294,0
15,294,0
25,294,0
35,294,0
45,294,0
55,294,0
65,294,0
70,294,0
75,294,0
0,296,0
15,296,0
25,296,0
35,296,0
45,296,0
55,296,0
65,296,0
70,296,0
75,296,0
0,298,0
15,298,0
25,298,0
35,298,0
45,298,0
55,298,0
65,298,0
70,298,0
75,298,0
0,300,0
15,300,0
25,300,0
35,300,0
45,300,0
55,300,0
65,300,0
70,300,0
75,300,0
0,302,0
15,302,0
25,302,0
35,302,0
45,302,0
55,302,0
65,302,0
70,302,0
75,302,0
0,304,0
15,304,0
25,304,0
35,304,0
45,304,0
55,304,0
65,304,0
70,304,0
75,304,0
0,306,0
15,306,0
25,306,0
35,306,0
45,306,0
55,306,0
65,306,0
70,306,0
75,306,0
0,308,0
15,308,0
25,308,0
35,308,0
45,308,0
55,308,0
65,308,0
70,308,0
75,308,0
0,310,0
15,310,0
25,310,0
35,310,0
45,310,0
55,310,0
65,310,0
70,310,0
75,310,0
0,312,0
15,312,0
25,312,0
35,312,0
45,312,0
55,312,0
65,312,0
70,312,0
75,312,0
0,314,0
15,314,0
25,314,0
35,314,0
45,314,0
55,314,0
65,314,0
70,314,0
75,314,0
0,316,0
15,316,0
25,316,0
35,316,0
45,316,0
55,316,0
65,316,0
70,316,0
75,316,0
0,318,0
15,318,0
25,318,0
35,318,0
45,318,0
55,318,0
65,318,0
70,318,0
75,318,0
0,320,0.0089
15,320,0.0031
25,320,0.0013
35,320,0.0006
45,320,0.0003
55,320,0.0002
65,320,0.0002
70,320,0.0002
75,320,0.0002
0,322,0.0085
15,322,0.0032
25,322,0.0014
35,322,0.0005
45,322,0.0003
55,322,0.0002
65,322,0.0002
70,322,0.0002
75,322,0.0002
0,324,0.0073
15,324,0.0034
25,324,0.0012
35,324,0.0005
45,324,0.0003
55,324,0.0002
65,324,0.0002
70,324,0.0002
75,324,0.0002
0,326,0.0072
15,326,0.0027
25,326,0.0011
35,326,0.0005
45,326,0.0003
55,326,0.0002
65,326,0.0002
70,326,0.0002
75,326,0.0002
0,328,0.0062
15,328,0.0023
25,328,0.001
35,328,0.0004
45,328,0.0002
55,328,0.0002
65,328,0.0001
70,328,0.0001
75,328,0.0001
0,330,0.006
15,330,0.0023
25,330,0.0009
35,330,0.0004
45,330,0.0002
55,330,0.0002
65,330,0.0001
70,330,0.0001
75,330,0.0001
0,332,0.0055
15,332,0.0023
25,332,0.0008
35,332,0.0004
45,332,0.0002
55,332,0.0001
65,332,0.0001
70,332,0.0001
75,332,0.0001
0,334,0.0046
15,334,0.0018
25,334,0.0008
35,334,0.0003
45,334,0.0002
55,334,0.0001
65,334,0.0001
70,334,0.0001
75,334,0.0002
0,336,0.0046
15,336,0.0017
25,336,0.0007
35,336,0.0004
45,336,0.0002
55,336,0.0002
65,336,0.0002
70,336,0.0002
75,336,0.0002
0,338,0.004
15,338,0.0016
25,338,0.0007
35,338,0.0005
45,338,0.0003
55,338,0.0002
65,338,0.0003
70,338,0.0003
75,338,0.0004
0,340,0.0036
15,340,0.0018
25,340,0.001
35,340,0.0007
45,340,0.0004
55,340,0.0004
65,340,0.0006
70,340,0.0007
75,340,0.0007
0,342,0.0037
15,342,0.0018
25,342,0.0014
35,342,0.0013
45,342,0.0006
55,342,0.0009
65,342,0.0014
70,342,0.0015
75,342,0.0015
0,344,0.0048
15,344,0.0027
25,344,0.0028
35,344,0.0022
45,344,0.0012
55,344,0.0022
65,344,0.0029
70,344,0.003
75,344,0.0031
0,346,0.0053
15,346,0.0048
25,346,0.0058
35,346,0.0037
45,346,0.0023
55,346,0.0048
65,346,0.0056
70,346,0.0058
75,346,0.0061
0,348,0.0082
15,348,0.0095
25,348,0.0113
35,348,0.0058
45,348,0.0049
55,348,0.0098
65,348,0.0103
70,348,0.0109
75,348,0.0115
0,350,0.0157
15,350,0.0193
25,350,0.0198
35,350,0.0098
45,350,0.0105
55,350,0.0181
65,350,0.0176
70,350,0.019
75,350,0.0201
0,352,0.0303
15,352,0.0346
25,352,0.0297
35,352,0.0172
45,352,0.0217
55,352,0.0304
65,352,0.0287
70,352,0.0316
75,352,0.0333
0,354,0.0528
15,354,0.0574
25,354,0.0401
35,354,0.0282
45,354,0.0412
55,354,0.0467
65,354,0.0448
70,354,0.0501
75,354,0.052
0,356,0.0867
15,356,0.0887
25,356,0.0544
35,356,0.0421
45,356,0.0699
55,356,0.066
65,356,0.067
70,356,0.0753
75,356,0.0766
0,358,0.1279
15,358,0.1221
25,358,0.0818
35,358,0.0631
45,358,0.1081
55,358,0.0878
65,358,0.0954
70,358,0.1071
75,358,0.1073
0,360,0.1806
15,360,0.1474
25,360,0.1232
35,360,0.1019
45,360,0.1532
55,360,0.114
65,360,0.1308
70,360,0.143
75,360,0.1437
0,362,0.235
15,362,0.1778
25,362,0.1619
35,362,0.1661
45,362,0.201
55,362,0.1469
65,362,0.1735
70,362,0.182
75,362,0.1844
0,364,0.2772
15,364,0.2351
25,364,0.1945
35,364,0.2455
45,364,0.2489
55,364,0.1858
65,364,0.22
70,364,0.2242
75,364,0.2268
0,366,0.315
15,366,0.3161
25,366,0.2439
35,366,0.3203
45,366,0.2945
55,366,0.2264
65,366,0.2643
70,366,0.2672
75,366,0.2684
0,368,0.3841
15,368,0.377
25,368,0.3275
35,368,0.3914
45,368,0.3343
55,368,0.2672
65,368,0.3035
70,368,0.3035
75,368,0.3053
0,370,0.4697
15,370,0.4117
25,370,0.4296
35,370,0.4616
45,370,0.3654
55,370,0.3119
65,370,0.3391
70,370,0.3266
75,370,0.3338
0,372,0.533
15,372,0.4563
25,372,0.5144
35,372,0.526
45,372,0.3839
55,372,0.3624
65,372,0.3686
70,372,0.3363
75,372,0.3554
0,374,0.5664
15,374,0.5294
25,374,0.5704
35,374,0.5809
45,374,0.3988
55,374,0.4115
65,374,0.3792
70,374,0.338
75,374,0.3763
0,376,0.6025
15,376,0.611
25,376,0.6147
35,376,0.6245
45,376,0.4234
55,376,0.4464
65,376,0.3618
70,376,0.339
75,376,0.4012
0,378,0.671
15,378,0.6767
25,378,0.6606
35,378,0.6574
45,378,0.4541
55,378,0.4671
65,378,0.324
70,378,0.3467
75,378,0.4255
0,380,0.7277
15,380,0.7208
25,380,0.7079
35,380,0.6814
45,380,0.4818
55,380,0.4848
65,380,0.2819
70,380,0.3652
75,380,0.4382
0,382,0.7619
15,382,0.7458
25,382,0.7453
35,382,0.6911
45,382,0.5008
55,382,0.4928
65,382,0.2534
70,382,0.3839
75,382,0.4284
0,384,0.788
15,384,0.7654
25,384,0.7758
35,384,0.693
45,384,0.5237
55,384,0.4698
65,384,0.2401
70,384,0.3931
75,384,0.4069
0,386,0.8139
15,386,0.7851
25,386,0.7985
35,386,0.6975
45,386,0.5536
55,386,0.3969
65,386,0.2407
70,386,0.3828
75,386,0.3895
0,388,0.8345
15,388,0.8081
25,388,0.817
35,388,0.7124
45,388,0.5838
55,388,0.2966
65,388,0.2514
70,388,0.3554
75,388,0.3888
0,390,0.842
15,390,0.8325
25,390,0.8297
35,390,0.738
45,390,0.6007
55,390,0.2091
65,390,0.2635
70,390,0.3235
75,390,0.4085
0,392,0.8465
15,392,0.8539
25,392,0.8363
35,392,0.7693
45,392,0.6034
55,392,0.1504
65,392,0.2673
70,392,0.2998
75,392,0.4459
0,394,0.8598
15,394,0.8666
25,394,0.8332
35,394,0.7937
45,394,0.6037
55,394,0.1161
65,394,0.256
70,394,0.2916
75,394,0.4927
0,396,0.882
15,396,0.8714
25,396,0.8224
35,396,0.8009
45,396,0.6068
55,396,0.0978
65,396,0.231
70,396,0.3016
75,396,0.5362
0,398,0.8995
15,398,0.8774
25,398,0.817
35,398,0.7876
45,398,0.5898
55,398,0.0903
65,398,0.2018
70,398,0.3288
75,398,0.5652
0,400,0.9088
15,400,0.8849
25,400,0.8216
35,400,0.7637
45,400,0.5092
55,400,0.09
65,400,0.1772
70,400,0.3692
75,400,0.5784
0,402,0.9094
15,402,0.8924
25,402,0.8367
35,402,0.7432
45,402,0.3653
55,402,0.095
65,402,0.1618
70,402,0.4161
75,402,0.5826
0,404,0.9054
15,404,0.8906
25,404,0.8568
35,404,0.7299
45,404,0.2223
55,404,0.1026
65,404,0.1568
70,404,0.4603
75,404,0.5874
0,406,0.9115
15,406,0.8834
25,406,0.8729
35,406,0.7164
45,406,0.1279
55,406,0.1089
65,406,0.1625
70,406,0.4936
75,406,0.6002
0,408,0.9217
15,408,0.877
25,408,0.8805
35,408,0.6993
45,408,0.0774
55,408,0.1093
65,408,0.1785
70,408,0.5127
75,408,0.622
0,410,0.9264
15,410,0.8788
25,410,0.883
35,410,0.6856
45,410,0.0513
55,410,0.1018
65,410,0.2044
70,410,0.522
75,410,0.648
0,412,0.925
15,412,0.8862
25,412,0.882
35,412,0.6849
45,412,0.0371
55,412,0.0881
65,412,0.2378
70,412,0.5296
75,412,0.6708
0,414,0.9217
15,414,0.8997
25,414,0.8807
35,414,0.6847
45,414,0.0292
55,414,0.073
65,414,0.2744
70,414,0.5434
75,414,0.6843
0,416,0.9178
15,416,0.9107
25,416,0.8761
35,416,0.6365
45,416,0.0249
55,416,0.0603
65,416,0.3076
70,416,0.5673
75,416,0.6859
0,418,0.9206
15,418,0.915
25,418,0.8658
35,418,0.4958
45,418,0.023
55,418,0.0516
65,418,0.3314
70,418,0.6
75,418,0.6777
0,420,0.9276
15,420,0.9136
25,420,0.8421
35,420,0.3101
45,420,0.0229
55,420,0.0469
65,420,0.3444
70,420,0.6359
75,420,0.666
0,422,0.9352
15,422,0.913
25,422,0.8055
35,422,0.1676
45,422,0.0243
55,422,0.0454
65,422,0.3497
70,422,0.6688
75,422,0.6566
0,424,0.9432
15,424,0.9153
25,424,0.7683
35,424,0.0884
45,424,0.0271
55,424,0.0469
65,424,0.3537
70,424,0.6933
75,424,0.6538
0,426,0.9423
15,426,0.9139
25,426,0.7318
35,426,0.0494
45,426,0.0309
55,426,0.0515
65,426,0.3633
70,426,0.7061
75,426,0.6587
0,428,0.939
15,428,0.9108
25,428,0.6447
35,428,0.03
45,428,0.0347
55,428,0.0595
65,428,0.3833
70,428,0.7082
75,428,0.6688
0,430,0.9363
15,430,0.9083
25,430,0.4749
35,430,0.0199
45,430,0.0367
55,430,0.0708
65,430,0.4159
70,430,0.704
75,430,0.68
0,432,0.9362
15,432,0.9063
25,432,0.2854
35,432,0.0141
45,432,0.0355
55,432,0.0848
65,432,0.4605
70,432,0.6986
75,432,0.6884
0,434,0.9368
15,434,0.8913
25,434,0.1513
35,434,0.0107
45,434,0.0309
55,434,0.1002
65,434,0.5145
70,434,0.6963
75,434,0.6907
0,436,0.9357
15,436,0.8283
25,436,0.0792
35,436,0.0086
45,436,0.0247
55,436,0.1137
65,436,0.5721
70,436,0.6991
75,436,0.6857
0,438,0.9374
15,438,0.6835
25,438,0.0439
35,438,0.0074
45,438,0.0191
55,438,0.1223
65,438,0.6258
70,438,0.7047
75,438,0.6755
0,440,0.9378
15,440,0.4736
25,440,0.0261
35,440,0.0067
45,440,0.0151
55,440,0.1248
65,440,0.6705
70,440,0.7092
75,440,0.6632
0,442,0.9157
15,442,0.2767
25,442,0.0166
35,442,0.0064
45,442,0.0126
55,442,0.1222
65,442,0.703
70,442,0.7082
75,442,0.6518
0,444,0.8172
15,444,0.1482
25,444,0.0116
35,444,0.0067
45,444,0.0112
55,444,0.1175
65,444,0.7229
70,444,0.6986
75,444,0.6447
0,446,0.6182
15,446,0.0799
25,446,0.009
35,446,0.0076
45,446,0.0107
55,446,0.1151
65,446,0.7387
70,446,0.686
75,446,0.6496
0,448,0.3927
15,448,0.0461
25,448,0.0072
35,448,0.0089
45,448,0.0108
55,448,0.1179
65,448,0.7552
70,448,0.6727
75,448,0.6672
0,450,0.223
15,450,0.0287
25,450,0.0061
35,450,0.0108
45,450,0.0116
55,450,0.1264
65,450,0.7691
70,450,0.6558
75,450,0.6902
0,452,0.1244
15,452,0.0196
25,452,0.0056
35,452,0.0133
45,452,0.0132
55,452,0.1429
65,452,0.7812
70,452,0.6403
75,452,0.7173
0,454,0.0721
15,454,0.0143
25,454,0.0052
35,454,0.0158
45,454,0.0156
55,454,0.1704
65,454,0.7881
70,454,0.6305
75,454,0.7464
0,456,0.0444
15,456,0.0111
25,456,0.005
35,456,0.0171
45,456,0.0192
55,456,0.2115
65,456,0.784
70,456,0.6291
75,456,0.7739
0,458,0.0294
15,458,0.0089
25,458,0.0049
35,458,0.0162
45,458,0.0237
55,458,0.2678
65,458,0.7642
70,458,0.6374
75,458,0.796
0,460,0.0201
15,460,0.0069
25,460,0.0047
35,460,0.0133
45,460,0.0289
55,460,0.3399
65,460,0.7269
70,460,0.6545
75,460,0.8106
0,462,0.0131
15,462,0.0051
25,462,0.0046
35,462,0.01
45,462,0.0337
55,462,0.4244
65,462,0.6749
70,462,0.6783
75,462,0.8166
0,464,0.0077
15,464,0.0033
25,464,0.0046
35,464,0.0072
45,464,0.037
55,464,0.5151
65,464,0.614
70,464,0.7058
75,464,0.8144
0,466,0.0033
15,466,0.0017
25,466,0.0051
35,466,0.0052
45,466,0.0376
55,466,0.6017
65,466,0.5522
70,466,0.7336
75,466,0.8053
0,468,0.0004
15,468,0.0006
25,468,0.0062
35,468,0.004
45,468,0.0354
55,468,0.6714
65,468,0.4978
70,468,0.7566
75,468,0.7922
0,470,0
15,470,0
25,470,0.0077
35,470,0.0032
45,470,0.0316
55,470,0.7181
65,470,0.454
70,470,0.771
75,470,0.7777
0,472,0
15,472,0
25,472,0.0091
35,472,0.0028
45,472,0.0277
55,472,0.7409
65,472,0.4219
70,472,0.7745
75,472,0.7636
0,474,0
15,474,0
25,474,0.0092
35,474,0.0026
45,474,0.0247
55,474,0.7434
65,474,0.4011
70,474,0.7661
75,474,0.7509
0,476,0
15,476,0
25,476,0.0077
35,476,0.0025
45,476,0.0228
55,476,0.7305
65,476,0.391
70,476,0.7457
75,476,0.7399
0,478,0
15,478,0
25,478,0.0052
35,478,0.0026
45,478,0.022
55,478,0.705
65,478,0.3897
70,478,0.7158
75,478,0.7292
0,480,0
15,480,0.0003
25,480,0.0031
35,480,0.0028
45,480,0.0223
55,480,0.6622
65,480,0.3938
70,480,0.6776
75,480,0.7155
0,482,0
15,482,0.0024
25,482,0.0024
35,482,0.0036
45,482,0.0239
55,482,0.5991
65,482,0.4005
70,482,0.6336
75,482,0.6969
0,484,0.0017
15,484,0.0056
25,484,0.0024
35,484,0.0048
45,484,0.0273
55,484,0.5231
65,484,0.4132
70,484,0.5966
75,484,0.6831
0,486,0.0036
15,486,0.0079
25,486,0.0023
35,486,0.0062
45,486,0.0334
55,486,0.4434
65,486,0.4336
70,486,0.5746
75,486,0.6803
0,488,0.0055
15,488,0.0091
25,488,0.0023
35,488,0.0079
45,488,0.0431
55,488,0.3644
65,488,0.4565
70,488,0.5645
75,488,0.6838
0,490,0.0078
15,490,0.0087
25,490,0.0026
35,490,0.0099
45,490,0.0577
55,490,0.2937
65,490,0.4788
70,490,0.5653
75,490,0.6922
0,492,0.0105
15,492,0.0077
25,492,0.0029
35,492,0.0117
45,492,0.0783
55,492,0.2366
65,492,0.4975
70,492,0.5762
75,492,0.7047
0,494,0.0135
15,494,0.0071
25,494,0.0033
35,494,0.0127
45,494,0.105
55,494,0.1936
65,494,0.5105
70,494,0.5965
75,494,0.7204
0,496,0.0161
15,496,0.007
25,496,0.0038
35,496,0.0123
45,496,0.1351
55,496,0.1632
65,496,0.5159
70,496,0.6244
75,496,0.7385
0,498,0.0172
15,498,0.0069
25,498,0.0042
35,498,0.0111
45,498,0.1618
55,498,0.1429
65,498,0.5123
70,498,0.6573
75,498,0.757
0,500,0.0162
15,500,0.0066
25,500,0.0046
35,500,0.0096
45,500,0.1776
55,500,0.1297
65,500,0.5008
70,500,0.6928
75,500,0.7748
0,502,0.0134
15,502,0.0057
25,502,0.0049
35,502,0.0083
45,502,0.1794
55,502,0.1217
65,502,0.4834
70,502,0.7287
75,502,0.791
0,504,0.0099
15,504,0.0045
25,504,0.0052
35,504,0.0072
45,504,0.1718
55,504,0.1179
65,504,0.4632
70,504,0.7634
75,504,0.8056
0,506,0.0064
15,506,0.0032
25,506,0.0057
35,506,0.0064
45,506,0.1632
55,506,0.1176
65,506,0.4436
70,506,0.795
75,506,0.8187
0,508,0.0032
15,508,0.0019
25,508,0.0064
35,508,0.006
45,508,0.1596
55,508,0.1208
65,508,0.4275
70,508,0.8217
75,508,0.8298
0,510,0.0007
15,510,0.0008
25,510,0.0072
35,510,0.0058
45,510,0.1622
55,510,0.1273
65,510,0.4162
70,510,0.8428
75,510,0.8391
0,512,0
15,512,0
25,512,0.0073
35,512,0.006
45,512,0.1696
55,512,0.1369
65,512,0.4104
70,512,0.858
75,512,0.846
0,514,0
15,514,0
25,514,0.0065
35,514,0.0066
45,514,0.1797
55,514,0.1499
65,514,0.4103
70,514,0.8678
75,514,0.8503
0,516,0
15,516,0
25,516,0.0052
35,516,0.0078
45,516,0.1903
55,516,0.1657
65,516,0.4158
70,516,0.872
75,516,0.8513
0,518,0
15,518,0
25,518,0.004
35,518,0.0099
45,518,0.1976
55,518,0.183
65,518,0.4267
70,518,0.8717
75,518,0.8489
0,520,0
15,520,0.0002
25,520,0.003
35,520,0.0132
45,520,0.1975
55,520,0.2006
65,520,0.4426
70,520,0.8679
75,520,0.843
0,522,0
15,522,0.001
25,522,0.0023
35,522,0.0178
45,522,0.1863
55,522,0.2169
65,522,0.463
70,522,0.8616
75,522,0.8342
0,524,0
15,524,0.0022
25,524,0.0019
35,524,0.0235
45,524,0.163
55,524,0.23
65,524,0.4877
70,524,0.8537
75,524,0.8233
0,526,0
15,526,0.0032
25,526,0.0018
35,526,0.0289
45,526,0.1312
55,526,0.2381
65,526,0.516
70,526,0.845
75,526,0.8105
0,528,0
15,528,0.0036
25,528,0.0018
35,528,0.0317
45,528,0.0989
55,528,0.2401
65,528,0.5463
70,528,0.8365
75,528,0.7973
0,530,0
15,530,0.0032
25,530,0.0019
35,530,0.0299
45,530,0.0723
55,530,0.2358
65,530,0.578
70,530,0.8282
75,530,0.7843
0,532,0
15,532,0.0024
25,532,0.0022
35,532,0.0244
45,532,0.0533
55,532,0.2255
65,532,0.6101
70,532,0.8204
75,532,0.7721
0,534,0.0006
15,534,0.0017
25,534,0.0027
35,534,0.0183
45,534,0.0406
55,534,0.2106
65,534,0.6416
70,534,0.8136
75,534,0.7611
0,536,0.0018
15,536,0.0012
25,536,0.0034
35,536,0.0137
45,536,0.0323
55,536,0.1929
65,536,0.6712
70,536,0.8073
75,536,0.7519
0,538,0.0026
15,538,0.0009
25,538,0.0044
35,538,0.0108
45,538,0.0268
55,538,0.1751
65,538,0.6975
70,538,0.8019
75,538,0.7449
0,540,0.0023
15,540,0.0008
25,540,0.006
35,540,0.0089
45,540,0.0231
55,540,0.1587
65,540,0.7201
70,540,0.7972
75,540,0.7399
0,542,0.0017
15,542,0.0007
25,542,0.0083
35,542,0.0078
45,542,0.0207
55,542,0.1449
65,542,0.7384
70,542,0.793
75,542,0.7369
0,544,0.0011
15,544,0.0007
25,544,0.0112
35,544,0.0072
45,544,0.0192
55,544,0.134
65,544,0.7521
70,544,0.7891
75,544,0.7357
0,546,0.0007
15,546,0.0008
25,546,0.0133
35,546,0.007
45,546,0.0183
55,546,0.1261
65,546,0.7613
70,546,0.7854
75,546,0.7359
0,548,0.0004
15,548,0.0011
25,548,0.013
35,548,0.0071
45,548,0.0181
55,548,0.1211
65,548,0.7661
70,548,0.7819
75,548,0.7372
0,550,0.0002
15,550,0.0014
25,550,0.0104
35,550,0.0076
45,550,0.0183
55,550,0.1187
65,550,0.7673
70,550,0.7786
75,550,0.7393
0,552,0.0002
15,552,0.0019
25,552,0.0072
35,552,0.0086
45,552,0.0191
55,552,0.1186
65,552,0.7658
70,552,0.7757
75,552,0.7415
0,554,0.0002
15,554,0.0026
25,554,0.0049
35,554,0.0102
45,554,0.0204
55,554,0.1208
65,554,0.7627
70,554,0.7729
75,554,0.7433
0,556,0.0003
15,556,0.0038
25,556,0.0034
35,556,0.0128
45,556,0.0224
55,556,0.1254
65,556,0.7585
70,556,0.7702
75,556,0.7442
0,558,0.0004
15,558,0.0055
25,558,0.0025
35,558,0.0164
45,558,0.0252
55,558,0.1325
65,558,0.7544
70,558,0.7678
75,558,0.7441
0,560,0.0008
15,560,0.0075
25,560,0.002
35,560,0.0211
45,560,0.0289
55,560,0.1423
65,560,0.7509
70,560,0.7658
75,560,0.7429
0,562,0.0019
15,562,0.0087
25,562,0.0019
35,562,0.0267
45,562,0.0336
55,562,0.1552
65,562,0.7485
70,562,0.7641
75,562,0.7403
0,564,0.0026
15,564,0.0078
25,564,0.0017
35,564,0.0327
45,564,0.0393
55,564,0.1716
65,564,0.7475
70,564,0.7628
75,564,0.7366
0,566,0.0032
15,566,0.0055
25,566,0.0015
35,566,0.0381
45,566,0.0459
55,566,0.1923
65,566,0.7476
70,566,0.762
75,566,0.7317
0,568,0.0044
15,568,0.0036
25,568,0.0014
35,568,0.0404
45,568,0.0533
55,568,0.2172
65,568,0.7487
70,568,0.7616
75,568,0.7262
0,570,0.0063
15,570,0.0024
25,570,0.0014
35,570,0.0372
45,570,0.061
55,570,0.2469
65,570,0.7505
70,570,0.7614
75,570,0.7202
0,572,0.0078
15,572,0.0017
25,572,0.0013
35,572,0.0295
45,572,0.0685
55,572,0.2816
65,572,0.7529
70,572,0.7612
75,572,0.7139
0,574,0.0072
15,574,0.0013
25,574,0.0014
35,574,0.0212
45,574,0.0746
55,574,0.3212
65,574,0.7558
70,574,0.7612
75,574,0.7078
0,576,0.0051
15,576,0.001
25,576,0.0015
35,576,0.015
45,576,0.0783
55,576,0.3647
65,576,0.7585
70,576,0.7614
75,576,0.7023
0,578,0.0032
15,578,0.0008
25,578,0.0016
35,578,0.011
45,578,0.0787
55,578,0.4111
65,578,0.761
70,578,0.7616
75,578,0.6974
0,580,0.0022
15,580,0.0006
25,580,0.0019
35,580,0.0085
45,580,0.0756
55,580,0.4591
65,580,0.7631
70,580,0.7618
75,580,0.6936
0,582,0.0014
15,582,0.0006
25,582,0.0022
35,582,0.0068
45,582,0.0697
55,582,0.5067
65,582,0.7645
70,582,0.762
75,582,0.6908
0,584,0.001
15,584,0.0005
25,584,0.0027
35,584,0.0058
45,584,0.0622
55,584,0.5518
65,584,0.7655
70,584,0.762
75,584,0.6891
0,586,0.0008
15,586,0.0005
25,586,0.0035
35,586,0.0051
45,586,0.0546
55,586,0.5919
65,586,0.7658
70,586,0.7617
75,586,0.6887
0,588,0.0007
15,588,0.0005
25,588,0.0048
35,588,0.0046
45,588,0.0479
55,588,0.6256
65,588,0.7653
70,588,0.7614
75,588,0.6896
0,590,0.0006
15,590,0.0005
25,590,0.007
35,590,0.0043
45,590,0.0424
55,590,0.6515
65,590,0.7645
70,590,0.7611
75,590,0.6917
0,592,0.0004
15,592,0.0005
25,592,0.0102
35,592,0.0042
45,592,0.0381
55,592,0.6686
65,592,0.7632
70,592,0.7608
75,592,0.6947
0,594,0.0004
15,594,0.0005
25,594,0.0143
35,594,0.0042
45,594,0.0349
55,594,0.6771
65,594,0.7616
70,594,0.7604
75,594,0.6984
0,596,0.0004
15,596,0.0005
25,596,0.0184
35,596,0.0043
45,596,0.0327
55,596,0.6784
65,596,0.76
70,596,0.76
75,596,0.7028
0,598,0.0003
15,598,0.0005
25,598,0.0209
35,598,0.0044
45,598,0.0312
55,598,0.6744
65,598,0.7584
70,598,0.7596
75,598,0.7075
0,600,0.0004
15,600,0.0006
25,600,0.0197
35,600,0.0046
45,600,0.0304
55,600,0.6672
65,600,0.757
70,600,0.7592
75,600,0.7123
0,602,0.0004
15,602,0.0007
25,602,0.0153
35,602,0.0048
45,602,0.0302
55,602,0.6593
65,602,0.7557
70,602,0.7591
75,602,0.7172
0,604,0.0003
15,604,0.0008
25,604,0.0106
35,604,0.0052
45,604,0.0305
55,604,0.6524
65,604,0.7548
70,604,0.7593
75,604,0.7216
0,606,0.0002
15,606,0.0009
25,606,0.0073
35,606,0.0058
45,606,0.0314
55,606,0.6479
65,606,0.7543
70,606,0.7597
75,606,0.7254
0,608,0.0003
15,608,0.0011
25,608,0.0054
35,608,0.0067
45,608,0.0329
55,608,0.6463
65,608,0.7543
70,608,0.7601
75,608,0.7287
0,610,0.0003
15,610,0.0015
25,610,0.0044
35,610,0.0078
45,610,0.035
55,610,0.648
65,610,0.7547
70,610,0.7605
75,610,0.731
0,612,0.0004
15,612,0.002
25,612,0.0038
35,612,0.0094
45,612,0.0378
55,612,0.6527
65,612,0.7555
70,612,0.7613
75,612,0.7322
0,614,0.0004
15,614,0.0029
25,614,0.0035
35,614,0.0115
45,614,0.0416
55,614,0.66
65,614,0.7566
70,614,0.7622
75,614,0.7328
0,616,0.0003
15,616,0.0044
25,616,0.0032
35,616,0.0143
45,616,0.0466
55,616,0.6695
65,616,0.7581
70,616,0.7632
75,616,0.7326
0,618,0.0004
15,618,0.0071
25,618,0.0028
35,618,0.0177
45,618,0.0528
55,618,0.6805
65,618,0.7599
70,618,0.7644
75,618,0.7322
0,620,0.0005
15,620,0.011
25,620,0.0024
35,620,0.0218
45,620,0.0608
55,620,0.6925
65,620,0.7618
70,620,0.7656
75,620,0.732
0,622,0.0007
15,622,0.0143
25,622,0.0022
35,622,0.0263
45,622,0.0709
55,622,0.7049
65,622,0.7639
70,622,0.7668
75,622,0.7308
0,624,0.0007
15,624,0.0145
25,624,0.0021
35,624,0.0309
45,624,0.0838
55,624,0.7166
65,624,0.7664
70,624,0.7681
75,624,0.7283
0,626,0.0008
15,626,0.0117
25,626,0.002
35,626,0.0348
45,626,0.1002
55,626,0.7266
65,626,0.7687
70,626,0.7699
75,626,0.7246
0,628,0.0012
15,628,0.0086
25,628,0.002
35,628,0.037
45,628,0.1207
55,628,0.7352
65,628,0.7711
70,628,0.7723
75,628,0.7205
0,630,0.0018
15,630,0.0065
25,630,0.0021
35,630,0.0368
45,630,0.1463
55,630,0.7416
65,630,0.7733
70,630,0.7745
75,630,0.7166
0,632,0.0027
15,632,0.0048
25,632,0.0022
35,632,0.0341
45,632,0.1775
55,632,0.7452
65,632,0.7756
70,632,0.7755
75,632,0.7137
0,634,0.0044
15,634,0.0035
25,634,0.0024
35,634,0.03
45,634,0.2147
55,634,0.7464
65,634,0.7777
70,634,0.7758
75,634,0.7117
0,636,0.0077
15,636,0.0026
25,636,0.0026
35,636,0.0256
45,636,0.2582
55,636,0.745
65,636,0.7797
70,636,0.7753
75,636,0.7101
0,638,0.0121
15,638,0.0021
25,638,0.0029
35,638,0.0218
45,638,0.3078
55,638,0.7409
65,638,0.782
70,638,0.7742
75,638,0.7091
0,640,0.0145
15,640,0.0017
25,640,0.0033
35,640,0.0187
45,640,0.3627
55,640,0.7347
65,640,0.785
70,640,0.7734
75,640,0.7092
0,642,0.0122
15,642,0.0014
25,642,0.0039
35,642,0.0164
45,642,0.4203
55,642,0.7269
65,642,0.7883
70,642,0.7729
75,642,0.7098
0,644,0.0082
15,644,0.0013
25,644,0.0047
35,644,0.0146
45,644,0.4768
55,644,0.7178
65,644,0.791
70,644,0.7726
75,644,0.711
0,646,0.0054
15,646,0.0014
25,646,0.0057
35,646,0.0134
45,646,0.5275
55,646,0.7083
65,646,0.7928
70,646,0.7724
75,646,0.7129
0,648,0.0036
15,648,0.0013
25,648,0.0071
35,648,0.0127
45,648,0.5675
55,648,0.6991
65,648,0.7937
70,648,0.7723
75,648,0.7151
0,650,0.0026
15,650,0.0012
25,650,0.0092
35,650,0.0122
45,650,0.593
55,650,0.6904
65,650,0.7937
70,650,0.7722
75,650,0.7179
0,652,0.0019
15,652,0.0012
25,652,0.0118
35,652,0.012
45,652,0.6032
55,652,0.6824
65,652,0.7932
70,652,0.7721
75,652,0.7211
0,654,0.0014
15,654,0.0013
25,654,0.0151
35,654,0.0118
45,654,0.5993
55,654,0.6755
65,654,0.7929
70,654,0.7722
75,654,0.7247
0,656,0.0012
15,656,0.0013
25,656,0.0189
35,656,0.0115
45,656,0.5853
55,656,0.6701
65,656,0.7933
70,656,0.7726
75,656,0.7286
0,658,0.001
15,658,0.0014
25,658,0.0227
35,658,0.0113
45,658,0.5667
55,658,0.6665
65,658,0.794
70,658,0.7729
75,658,0.7329
0,660,0.0011
15,660,0.0016
25,660,0.0255
35,660,0.0114
45,660,0.5482
55,660,0.665
65,660,0.7948
70,660,0.7734
75,660,0.7376
0,662,0.0009
15,662,0.0016
25,662,0.0264
35,662,0.0116
45,662,0.5327
55,662,0.6656
65,662,0.796
70,662,0.7742
75,662,0.7425
0,664,0.0007
15,664,0.0019
25,664,0.0252
35,664,0.0121
45,664,0.5219
55,664,0.6685
65,664,0.7971
70,664,0.7752
75,664,0.7478
0,666,0.0007
15,666,0.0021
25,666,0.0225
35,666,0.0128
45,666,0.5166
55,666,0.6736
65,666,0.7982
70,666,0.7769
75,666,0.7549
0,668,0.0007
15,668,0.0024
25,668,0.0193
35,668,0.0137
45,668,0.5166
55,668,0.6801
65,668,0.7994
70,668,0.7791
75,668,0.7671
0,670,0.0008
15,670,0.003
25,670,0.0166
35,670,0.0148
45,670,0.5222
55,670,0.6868
65,670,0.8005
70,670,0.7816
75,670,0.7853
0,672,0.0008
15,672,0.0037
25,672,0.0145
35,672,0.0164
45,672,0.5329
55,672,0.6933
65,672,0.8017
70,672,0.7855
75,672,0.8011
0,674,0.0008
15,674,0.0045
25,674,0.0128
35,674,0.0183
45,674,0.5481
55,674,0.6992
65,674,0.8032
70,674,0.7922
75,674,0.8054
0,676,0.0009
15,676,0.0058
25,676,0.0115
35,676,0.0207
45,676,0.5672
55,676,0.7047
65,676,0.8048
70,676,0.8042
75,676,0.7981
0,678,0.0011
15,678,0.0077
25,678,0.0102
35,678,0.0238
45,678,0.5892
55,678,0.7112
65,678,0.8064
70,678,0.8215
75,678,0.7855
0,680,0.0013
15,680,0.0102
25,680,0.0091
35,680,0.0277
45,680,0.6137
55,680,0.7191
65,680,0.8082
70,680,0.8373
75,680,0.775
0,682,0.0016
15,682,0.0136
25,682,0.0082
35,682,0.0327
45,682,0.6395
55,682,0.7278
65,682,0.8107
70,682,0.8451
75,682,0.7687
0,684,0.0018
15,684,0.0172
25,684,0.0075
35,684,0.0392
45,684,0.6655
55,684,0.7368
65,684,0.8146
70,684,0.8436
75,684,0.7645
0,686,0.0021
15,686,0.0205
25,686,0.0071
35,686,0.0477
45,686,0.6902
55,686,0.7455
65,686,0.8208
70,686,0.8349
75,686,0.7617
0,688,0.0025
15,688,0.0226
25,688,0.0068
35,688,0.0589
45,688,0.7119
55,688,0.754
65,688,0.831
70,688,0.8242
75,688,0.7594
0,690,0.0033
15,690,0.0226
25,690,0.0067
35,690,0.0734
45,690,0.7295
55,690,0.7624
65,690,0.8458
70,690,0.8172
75,690,0.7575
0,692,0.0041
15,692,0.0207
25,692,0.0067
35,692,0.0927
45,692,0.7419
55,692,0.7702
65,692,0.8604
70,692,0.8142
75,692,0.7558
0,694,0.0052
15,694,0.0179
25,694,0.0067
35,694,0.1181
45,694,0.7482
55,694,0.7775
65,694,0.8695
70,694,0.8129
75,694,0.7543
0,696,0.0068
15,696,0.015
25,696,0.0068
35,696,0.1504
45,696,0.7485
55,696,0.7843
65,696,0.8715
70,696,0.8127
75,696,0.753
0,698,0.009
15,698,0.0124
25,698,0.0071
35,698,0.1907
45,698,0.7437
55,698,0.7901
65,698,0.8668
70,698,0.8131
75,698,0.752
0,700,0.0121
15,700,0.0103
25,700,0.0074
35,700,0.2397
45,700,0.7343
55,700,0.7953
65,700,0.8571
70,700,0.8141
75,700,0.7514
0,702,0.0159
15,702,0.0086
25,702,0.0078
35,702,0.2969
45,702,0.7219
55,702,0.8003
65,702,0.8466
70,702,0.8153
75,702,0.7517
0,704,0.0196
15,704,0.0075
25,704,0.0083
35,704,0.3609
45,704,0.7056
55,704,0.8052
65,704,0.8389
70,704,0.8165
75,704,0.7529
0,706,0.0218
15,706,0.0066
25,706,0.009
35,706,0.4262
45,706,0.6851
55,706,0.8106
65,706,0.8346
70,706,0.8177
75,706,0.7553
0,708,0.0217
15,708,0.006
25,708,0.0099
35,708,0.484
45,708,0.6614
55,708,0.8169
65,708,0.8322
70,708,0.8193
75,708,0.7593
0,710,0.0192
15,710,0.0056
25,710,0.0109
35,710,0.525
45,710,0.6361
55,710,0.8256
65,710,0.8312
70,710,0.8209
75,710,0.7653
0,712,0.0157
15,712,0.0052
25,712,0.0123
35,712,0.5428
45,712,0.6123
55,712,0.8373
65,712,0.8313
70,712,0.823
75,712,0.7744
0,714,0.0128
15,714,0.0049
25,714,0.0139
35,714,0.5376
45,714,0.5921
55,714,0.8504
65,714,0.8318
70,714,0.8257
75,714,0.7871
0,716,0.0105
15,716,0.0048
25,716,0.016
35,716,0.5161
45,716,0.5755
55,716,0.8632
65,716,0.8328
70,716,0.8289
75,716,0.8042
0,718,0.0087
15,718,0.0047
25,718,0.0186
35,718,0.4871
45,718,0.5622
55,718,0.8722
65,718,0.8341
70,718,0.8333
75,718,0.8236
0,720,0.0073
15,720,0.0047
25,720,0.0219
35,720,0.4585
45,720,0.5519
55,720,0.8743
65,720,0.8359
70,720,0.8394
75,720,0.8408
0,722,0.0065
15,722,0.0047
25,722,0.0261
35,722,0.4342
45,722,0.5448
55,722,0.8691
65,722,0.838
70,722,0.8476
75,722,0.8518
0,724,0.0055
15,724,0.0048
25,724,0.0315
35,724,0.4161
45,724,0.5408
55,724,0.859
65,724,0.8404
70,724,0.8587
75,724,0.8547
0,726,0.0049
15,726,0.0049
25,726,0.0388
35,726,0.4048
45,726,0.5398
55,726,0.8479
65,726,0.8431
70,726,0.8729
75,726,0.8506
0,728,0.0045
15,728,0.0052
25,728,0.0485
35,728,0.4001
45,728,0.5414
55,728,0.8391
65,728,0.8467
70,728,0.8885
75,728,0.8429
0,730,0.0042
15,730,0.0057
25,730,0.0615
35,730,0.4021
45,730,0.5457
55,730,0.8333
65,730,0.8508
70,730,0.9027
75,730,0.8351
0,732,0.004
15,732,0.006
25,732,0.0792
35,732,0.4104
45,732,0.5527
55,732,0.8297
65,732,0.8559
70,732,0.9135
75,732,0.8284
0,734,0.0039
15,734,0.0065
25,734,0.1033
35,734,0.4259
45,734,0.5623
55,734,0.8275
65,734,0.8621
70,734,0.9187
75,734,0.8237
0,736,0.0039
15,736,0.007
25,736,0.1357
35,736,0.4476
45,736,0.5746
55,736,0.8266
65,736,0.8695
70,736,0.9179
75,736,0.8214
0,738,0.0036
15,738,0.0076
25,738,0.1782
35,738,0.4763
45,738,0.5894
55,738,0.8265
65,738,0.8789
70,738,0.9126
75,738,0.821
0,740,0.0034
15,740,0.0085
25,740,0.2315
35,740,0.5104
45,740,0.6074
55,740,0.8275
65,740,0.8901
70,740,0.9044
75,740,0.8219
0,742,0.0037
15,742,0.0096
25,742,0.2943
35,742,0.5482
45,742,0.6283
55,742,0.8292
65,742,0.9027
70,742,0.8958
75,742,0.8234
0,744,0.0039
15,744,0.0109
25,744,0.363
35,744,0.5852
45,744,0.6525
55,744,0.8306
65,744,0.9156
70,744,0.8877
75,744,0.8253
0,746,0.0044
15,746,0.0124
25,746,0.4279
35,746,0.6201
45,746,0.6794
55,746,0.8321
65,746,0.9278
70,746,0.881
75,746,0.8279
0,748,0.0043
15,748,0.0145
25,748,0.4788
35,748,0.6548
45,748,0.7087
55,748,0.8345
65,748,0.9375
70,748,0.8761
75,748,0.8308
0,750,0.0045
15,750,0.0171
25,750,0.5051
35,750,0.6883
45,750,0.7389
55,750,0.8369
65,750,0.9434
70,750,0.8733
75,750,0.8339
0,752,0.0044
15,752,0.0203
25,752,0.5038
35,752,0.7194
45,752,0.7664
55,752,0.8398
65,752,0.9457
70,752,0.8721
75,752,0.8375
0,754,0.0049
15,754,0.0243
25,754,0.4827
35,754,0.7463
45,754,0.7885
55,754,0.8428
65,754,0.9438
70,754,0.8716
75,754,0.8414
0,756,0.0052
15,756,0.0298
25,756,0.4538
35,756,0.7653
45,756,0.8039
55,756,0.8461
65,756,0.939
70,756,0.872
75,756,0.8454
0,758,0.0058
15,758,0.0366
25,758,0.4245
35,758,0.7739
45,758,0.8131
55,758,0.8497
65,758,0.9327
70,758,0.873
75,758,0.8501
0,760,0.0073
15,760,0.0463
25,760,0.4023
35,760,0.771
45,760,0.8197
55,760,0.854
65,760,0.9257
70,760,0.8752
75,760,0.8548
0,762,0.0082
15,762,0.0591
25,762,0.3878
35,762,0.7586
45,762,0.8252
55,762,0.8585
65,762,0.9192
70,762,0.8781
75,762,0.8602
0,764,0.009
15,764,0.0771
25,764,0.3799
35,764,0.7379
45,764,0.8296
55,764,0.8637
65,764,0.9133
70,764,0.8811
75,764,0.8658
0,766,0.0104
15,766,0.1015
25,766,0.3771
35,766,0.7103
45,766,0.8339
55,766,0.8698
65,766,0.9089
70,766,0.8848
75,766,0.8711
0,768,0.0121
15,768,0.1354
25,768,0.3762
35,768,0.6795
45,768,0.838
55,768,0.8772
65,768,0.9059
70,768,0.8888
75,768,0.8759
0,770,0.0143
15,770,0.1815
25,770,0.3768
35,770,0.6473
45,770,0.8415
55,770,0.8852
65,770,0.9036
70,770,0.8935
75,770,0.8794
0,772,0.0169
15,772,0.2417
25,772,0.3791
35,772,0.6162
45,772,0.8433
55,772,0.8934
65,772,0.9021
70,772,0.899
75,772,0.8809
0,774,0.0204
15,774,0.315
25,774,0.3864
35,774,0.5874
45,774,0.8438
55,774,0.902
65,774,0.9016
70,774,0.9046
75,774,0.8804
0,776,0.0251
15,776,0.3928
25,776,0.3989
35,776,0.5626
45,776,0.844
55,776,0.9095
65,776,0.9015
70,776,0.9104
75,776,0.8774
0,778,0.0308
15,778,0.4601
25,778,0.4168
35,778,0.5423
45,778,0.8432
55,778,0.9157
65,778,0.9018
70,778,0.9157
75,778,0.8731
0,780,0.0387
15,780,0.503
25,780,0.4413
35,780,0.5263
45,780,0.8411
55,780,0.92
65,780,0.9029
70,780,0.9214
75,780,0.8672
0,782,0.0492
15,782,0.5157
25,782,0.4724
35,782,0.5149
45,782,0.8388
55,782,0.9216
65,782,0.9049
70,782,0.9254
75,782,0.8608
0,784,0.0631
15,784,0.5025
25,784,0.5095
35,784,0.5081
45,784,0.8359
55,784,0.9204
65,784,0.9071
70,784,0.928
75,784,0.8549
0,786,0.0826
15,786,0.4755
25,786,0.5508
35,786,0.5053
45,786,0.8321
55,786,0.9175
65,786,0.9102
70,786,0.9291
75,786,0.8491
0,788,0.1098
15,788,0.4432
25,788,0.595
35,788,0.505
45,788,0.8291
55,788,0.9127
65,788,0.9138
70,788,0.9283
75,788,0.8438
0,790,0.1473
15,790,0.4105
25,790,0.6432
35,790,0.5063
45,790,0.8269
55,790,0.9068
65,790,0.9166
70,790,0.926
75,790,0.8391
0,792,0.1999
15,792,0.3805
25,792,0.6896
35,792,0.5067
45,792,0.8252
55,792,0.9013
65,792,0.9209
70,792,0.9227
75,792,0.8352
0,794,0.2688
15,794,0.3566
25,794,0.7289
35,794,0.5058
45,794,0.824
55,794,0.8959
65,794,0.9253
70,794,0.9186
75,794,0.8322
0,796,0.3513
15,796,0.3392
25,796,0.7613
35,796,0.5032
45,796,0.8243
55,796,0.8914
65,796,0.9294
70,796,0.9139
75,796,0.8294
0,798,0.4376
15,798,0.3284
25,798,0.7817
35,798,0.5013
45,798,0.8248
55,798,0.8873
65,798,0.9335
70,798,0.9093
75,798,0.8278
0,800,0.5042
15,800,0.3236
25,800,0.7886
35,800,0.5006
45,800,0.8263
55,800,0.8842
65,800,0.9368
70,800,0.9047
75,800,0.8263
0,802,0.5335
15,802,0.3234
25,802,0.7833
35,802,0.503
45,802,0.8293
55,802,0.882
65,802,0.9394
70,802,0.9006
75,802,0.8257
0,804,0.5236
15,804,0.3283
25,804,0.7666
35,804,0.5083
45,804,0.8336
55,804,0.8802
65,804,0.941
70,804,0.8964
75,804,0.825
0,806,0.4889
15,806,0.3389
25,806,0.7422
35,806,0.5168
45,806,0.8387
55,806,0.8793
65,806,0.9418
70,806,0.8929
75,806,0.8251
0,808,0.4463
15,808,0.3554
25,808,0.7123
35,808,0.5284
45,808,0.8446
55,808,0.8793
65,808,0.9412
70,808,0.8899
75,808,0.8256
0,810,0.4058
15,810,0.3767
25,810,0.6797
35,810,0.5429
45,810,0.852
55,810,0.8798
65,810,0.94
70,810,0.8875
75,810,0.8269
0,812,0.3718
15,812,0.3989
25,812,0.6507
35,812,0.5578
45,812,0.8608
55,812,0.8813
65,812,0.9402
70,812,0.8874
75,812,0.8286
0,814,0.3457
15,814,0.4301
25,814,0.6208
35,814,0.577
45,814,0.8696
55,814,0.8827
65,814,0.9384
70,814,0.8866
75,814,0.83
0,816,0.3263
15,816,0.4685
25,816,0.591
35,816,0.5987
45,816,0.8787
55,816,0.8846
65,816,0.9358
70,816,0.8854
75,816,0.8319
0,818,0.3132
15,818,0.5133
25,818,0.563
35,818,0.6217
45,818,0.8875
55,818,0.8874
65,818,0.9326
70,818,0.8845
75,818,0.8337
0,820,0.3048
15,820,0.5633
25,820,0.5356
35,820,0.6461
45,820,0.8963
55,820,0.8901
65,820,0.9296
70,820,0.8844
75,820,0.8361
0,822,0.3024
15,822,0.6197
25,822,0.5109
35,822,0.6716
45,822,0.904
55,822,0.8934
65,822,0.9271
70,822,0.8843
75,822,0.8389
0,824,0.3042
15,824,0.6767
25,824,0.4879
35,824,0.6972
45,824,0.9107
55,824,0.8976
65,824,0.9253
70,824,0.8846
75,824,0.8422
0,826,0.3111
15,826,0.7312
25,826,0.4669
35,826,0.7236
45,826,0.9159
55,826,0.9015
65,826,0.9232
70,826,0.8853
75,826,0.8457
0,828,0.3229
15,828,0.7773
25,828,0.451
35,828,0.7491
45,828,0.919
55,828,0.9056
65,828,0.9221
70,828,0.887
75,828,0.8495
0,830,0.3385
15,830,0.8157
25,830,0.4359
35,830,0.7744
45,830,0.9211
55,830,0.9093
65,830,0.9207
70,830,0.889
75,830,0.8534
0,832,0.3599
15,832,0.834
25,832,0.4249
35,832,0.7972
45,832,0.9219
55,832,0.913
65,832,0.9205
70,832,0.8911
75,832,0.8581
0,834,0.3879
15,834,0.8364
25,834,0.4174
35,834,0.8173
45,834,0.922
55,834,0.9168
65,834,0.9204
70,834,0.8931
75,834,0.8627
0,836,0.4227
15,836,0.8218
25,836,0.4126
35,836,0.8361
45,836,0.9213
55,836,0.9202
65,836,0.9208
70,836,0.895
75,836,0.8674
0,838,0.4622
15,838,0.792
25,838,0.4107
35,838,0.8513
45,838,0.919
55,838,0.9225
65,838,0.9208
70,838,0.8974
75,838,0.8721
0,840,0.5111
15,840,0.7544
25,840,0.4117
35,840,0.863
45,840,0.9176
55,840,0.9246
65,840,0.9209
70,840,0.9001
75,840,0.877
0,842,0.5666
15,842,0.707
25,842,0.4148
35,842,0.8712
45,842,0.9138
55,842,0.9268
65,842,0.921
70,842,0.9035
75,842,0.8809
0,844,0.6256
15,844,0.6605
25,844,0.4204
35,844,0.8779
45,844,0.9123
55,844,0.9269
65,844,0.9221
70,844,0.9067
75,844,0.8855
0,846,0.6918
15,846,0.6141
25,846,0.4288
35,846,0.8812
45,846,0.9095
55,846,0.9267
65,846,0.9234
70,846,0.9099
75,846,0.8903
0,848,0.7509
15,848,0.5703
25,848,0.4399
35,848,0.8822
45,848,0.9064
55,848,0.9266
65,848,0.9232
70,848,0.9127
75,848,0.8951
0,850,0.808
15,850,0.5334
25,850,0.4522
35,850,0.8835
45,850,0.9031
55,850,0.9263
65,850,0.9239
70,850,0.9166
75,850,0.8993
0,852,0.8504
15,852,0.5007
25,852,0.4666
35,852,0.8816
45,852,0.8996
55,852,0.9252
65,852,0.9249
70,852,0.9204
75,852,0.9029
0,854,0.8724
15,854,0.4682
25,854,0.4838
35,854,0.8776
45,854,0.8973
55,854,0.923
65,854,0.9245
70,854,0.9253
75,854,0.9059
0,856,0.8711
15,856,0.4429
25,856,0.506
35,856,0.875
45,856,0.8924
55,856,0.9228
65,856,0.9265
70,856,0.9277
75,856,0.9095
0,858,0.8533
15,858,0.4231
25,858,0.5267
35,858,0.8715
45,858,0.8889
55,858,0.9219
65,858,0.9278
70,858,0.9312
75,858,0.9117
0,860,0.8188
15,860,0.4103
25,860,0.5528
35,860,0.8682
45,860,0.8865
55,860,0.9186
65,860,0.9277
70,860,0.9352
75,860,0.9125
0,862,0.7677
15,862,0.3897
25,862,0.5776
35,862,0.8631
45,862,0.8822
55,862,0.9193
65,862,0.9299
70,862,0.9378
75,862,0.9132
0,864,0.7169
15,864,0.3777
25,864,0.6044
35,864,0.8599
45,864,0.8781
55,864,0.9178
65,864,0.9308
70,864,0.941
75,864,0.9124
0,866,0.6615
15,866,0.372
25,866,0.6335
35,866,0.8573
45,866,0.8769
55,866,0.9162
65,866,0.9335
70,866,0.9448
75,866,0.9108
0,868,0.6049
15,868,0.3631
25,868,0.6672
35,868,0.8533
45,868,0.8743
55,868,0.9155
65,868,0.9339
70,868,0.9486
75,868,0.911
0,870,0.5562
15,870,0.3639
25,870,0.6963
35,870,0.8528
45,870,0.8708
55,870,0.9158
65,870,0.9363
70,870,0.953
75,870,0.9102
0,872,0.5234
15,872,0.3639
25,872,0.7269
35,872,0.8506
45,872,0.8697
55,872,0.9153
65,872,0.9379
70,872,0.9563
75,872,0.9062
0,874,0.4822
15,874,0.3642
25,874,0.7574
35,874,0.8522
45,874,0.8656
55,874,0.9152
65,874,0.9382
70,874,0.9561
75,874,0.9039
0,876,0.4511
15,876,0.3732
25,876,0.7841
35,876,0.8523
45,876,0.864
55,876,0.9138
65,876,0.9391
70,876,0.9597
75,876,0.8984
0,878,0.4265
15,878,0.376
25,878,0.8093
35,878,0.8515
45,878,0.8642
55,878,0.9146
65,878,0.9406
70,878,0.9585
75,878,0.8976
0,880,0.3995
15,880,0.39
25,880,0.831
35,880,0.8489
45,880,0.8636
55,880,0.9144
65,880,0.9431
70,880,0.959
75,880,0.8944
0,882,0.3888
15,882,0.3979
25,882,0.8529
35,882,0.8502
45,882,0.8609
55,882,0.9154
65,882,0.9463
70,882,0.9625
75,882,0.8864
0,884,0.3685
15,884,0.4173
25,884,0.8655
35,884,0.8527
45,884,0.8617
55,884,0.9135
65,884,0.9479
70,884,0.9581
75,884,0.8894
0,886,0.3606
15,886,0.4254
25,886,0.8818
35,886,0.8588
45,886,0.8623
55,886,0.9151
65,886,0.9503
70,886,0.9593
75,886,0.8839
0,888,0.3548
15,888,0.447
25,888,0.8875
35,888,0.856
45,888,0.8617
55,888,0.9144
65,888,0.9507
70,888,0.9563
75,888,0.8807
0,890,0.3565
15,890,0.4667
25,890,0.9028
35,890,0.8595
45,890,0.8646
55,890,0.9156
65,890,0.954
70,890,0.95
75,890,0.8785
0,892,0.345
15,892,0.483
25,892,0.9052
35,892,0.8709
45,892,0.8627
55,892,0.9195
65,892,0.9494
70,892,0.9538
75,892,0.8789
0,894,0.3441
15,894,0.5173
25,894,0.9028
35,894,0.8776
45,894,0.8569
55,894,0.9222
65,894,0.9525
70,894,0.9513
75,894,0.8732
0,896,0.335
15,896,0.5493
25,896,0.9015
35,896,0.8761
45,896,0.8621
55,896,0.92
65,896,0.9548
70,896,0.9551
75,896,0.8745
0,898,0.3464
15,898,0.5801
25,898,0.8958
35,898,0.8885
45,898,0.8578
55,898,0.9215
65,898,0.9534
70,898,0.9541
75,898,0.8713
0,900,0.3746
15,900,0.6044
25,900,0.8781
35,900,0.8909
45,900,0.8579
55,900,0.9147
65,900,0.962
70,900,0.9513
75,900,0.868